Random Forest classifier
accuracy:
 0.4512173094656387

confusion matrix:
 [[8278 3053 1543  330   24    2    6   10]
 [4569 5132 2998  494   44    3    9   30]
 [1706 2119 5350 3137  657  107    6   11]
 [ 415  395 2961 5470 2494 1088  112    8]
 [ 106   63  800 3815 3958 3480  885   53]
 [  31   15  101 1184 2903 5117 3210  590]
 [  27   16   11  167 1021 3448 5228 3141]
 [  23   30    2    7  140  906 3221 8931]]

cross validation:
 [0.45256293 0.45011027 0.45089837 0.45099344 0.44861679 0.45135469
 0.44962449 0.45356022 0.44939633 0.45163989]


Process finished with exit code 0
















C:\Users\mistr\OneDrive\Desktop\\tft_analysis\venv\Scripts\python.exe C:/Users/mistr/OneDrive/Desktop/tft_analysis/classifier.py
x binary encoded:
         0_0  0_1  0_2  0_3  0_4  0_5  ...  57_2  57_3  57_4  57_5  57_6  57_7
0         0    0    0    0    0    1  ...     0     0     0     0     0     1
1         0    0    0    0    1    0  ...     0     0     0     0     1     0
2         0    0    0    0    1    1  ...     0     0     0     0     1     1
3         0    0    0    1    0    0  ...     0     0     0     0     0     1
4         0    0    0    0    0    1  ...     0     0     0     1     0     0
...     ...  ...  ...  ...  ...  ...  ...   ...   ...   ...   ...   ...   ...
525947    0    0    1    0    0    0  ...     0     0     0     0     0     1
525948    0    0    1    0    0    0  ...     0     0     0     0     1     0
525949    0    0    1    0    1    0  ...     1     1     0     1     0     1
525950    1    0    0    0    0    1  ...     0     1     1     0     1     0
525951    0    0    0    0    1    1  ...     1     1     0     0     0     0

[525952 rows x 349 columns] (525952, 349)
Random Forest classifier
accuracy:
 0.29846659885351406

confusion matrix:
 [[7820 2726 1310  699  371  180  101   39]
 [5355 2995 2016 1321  784  452  272   84]
 [3073 2137 2447 2020 1539 1050  618  209]
 [1674 1538 2181 2129 2021 1599 1333  468]
 [ 938  916 1613 1983 2155 2195 2299 1061]
 [ 396  508  949 1446 1833 2555 3486 1978]
 [ 194  189  532  803 1346 2308 4172 3515]
 [  58   74  163  329  617 1458 3438 7123]]

cross validation:
 [0.29924329 0.29884402 0.29738568 0.29673923 0.29871661 0.3002947
 0.29915391 0.30267136 0.30050385 0.30135944]

x binary encoded:
         0_0  0_1  0_2  0_3  0_4  0_5  ...  58_11  58_12  58_13  58_14  58_15  58_16
0         0    0    0    0    0    1  ...      0      0      0      0      0      1
1         0    0    0    0    1    0  ...      0      0      0      0      1      0
2         0    0    0    0    1    1  ...      0      0      0      0      1      1
3         0    0    0    1    0    0  ...      0      0      0      1      0      0
4         0    0    0    0    0    1  ...      0      0      0      1      0      1
...     ...  ...  ...  ...  ...  ...  ...    ...    ...    ...    ...    ...    ...
525947    0    0    1    0    0    0  ...      0      1      1      0      0      1
525948    0    0    1    0    0    0  ...      0      1      0      0      1      0
525949    0    0    1    0    1    0  ...      1      1      1      0      0      0
525950    1    0    0    0    0    1  ...      0      0      0      1      0      0
525951    0    0    0    0    1    1  ...      0      0      1      1      1      1

[525952 rows x 366 columns] (525952, 366)
Random Forest classifier
accuracy:
 0.29606145012406004

confusion matrix:
 [[7869 2640 1304  705  391  197  101   39]
 [5369 2920 2029 1405  766  444  252   94]
 [3017 2308 2315 2028 1499 1014  721  191]
 [1686 1571 2080 2237 1902 1640 1329  498]
 [ 889  969 1601 1986 2135 2262 2257 1061]
 [ 398  501  973 1412 1841 2491 3523 2012]
 [ 175  221  487  833 1342 2369 4135 3497]
 [  61   67  178  357  624 1452 3480 7041]]

cross validation:
 [0.29692372 0.29787436 0.29926799 0.29624489 0.29725259 0.29789904
 0.2975568  0.3024432  0.30181576 0.29719555]

x binary encoded:
         0_0  0_1  0_2  0_3  0_4  0_5  ...  55_13  55_14  55_15  55_16  55_17  55_18
0         0    0    0    0    0    1  ...      0      0      0      0      0      1
1         0    0    0    0    1    0  ...      0      0      0      0      1      0
2         0    0    0    0    1    1  ...      0      0      0      0      1      1
3         0    0    0    1    0    0  ...      0      0      0      1      0      0
4         0    0    0    0    0    1  ...      0      0      0      1      0      1
...     ...  ...  ...  ...  ...  ...  ...    ...    ...    ...    ...    ...    ...
525947    0    0    1    0    0    0  ...      1      0      0      1      0      1
525948    0    0    1    0    0    0  ...      1      1      0      0      1      1
525949    0    0    1    0    1    0  ...      1      1      0      1      1      0
525950    1    0    0    0    0    1  ...      0      1      1      1      1      0
525951    0    0    0    0    1    1  ...      0      1      1      0      0      0

[525952 rows x 344 columns] (525952, 344)
Random Forest classifier
accuracy:
 0.2970025952790638

confusion matrix:
 [[7818 2700 1275  788  371  169   85   40]
 [5355 3052 1995 1323  810  445  207   92]
 [2986 2234 2415 2119 1493  995  633  218]
 [1679 1547 2132 2196 1994 1665 1160  570]
 [ 893  991 1619 1999 2081 2162 2120 1295]
 [ 387  475  987 1490 1847 2436 2991 2538]
 [ 179  187  523  863 1306 2175 3408 4418]
 [  57   62  180  337  658 1308 2822 7836]]

cross validation:
 [0.29211347 0.29658149 0.29803213 0.29464778 0.29987641 0.29858352
 0.29801312 0.30147352 0.3001426  0.29595969]


Process finished with exit code 0
